------------------------№ 1------------------------

                   Номер:    1    2    3    4    5    6    7    8    9
            Длительность:    7    9    7    9    8    8   10    3    8
       Директивные сроки:    5   10   15   20   25   30   35   40   45
                     Вес:    1    1    1    1    1    1    1    1    1
           Лучшие решения
          Полный перебор:    1    3    2    5    6    8    9    4    7   Штраф: 110
       Жадный алгоритм W:    1    2    3    7    5    6    8    4    9   Штраф: 128      Погреш.: 18
 Жадный алгоритм (D-T)*W:    9    1    2    3    7    5    6    8    4   Штраф: 166      Погреш.: 56
      Hill Climbing GREY:    1    3    8    5    6    2    9    4    7   Штраф: 115      Погреш.: 5
       Hill Climbing NEW:    1    2    3    7    5    6    8    4    9   Штраф: 128      Погреш.: 18
                 Ant Alg:    3    8    4    6    7    9    1    5    2   Штраф: 133      Погреш.: 23
------------------------END------------------------
------------------------№ 2------------------------

                   Номер:    1    2    3    4    5    6    7    8    9
            Длительность:    4    4    4   10    1   10    4    4    3
       Директивные сроки:    5   10   15   20   25   30   35   40   45
                     Вес:    1    1    1    1    1    1    1    1    1
           Лучшие решения
          Полный перебор:    1    2    3    4    5    6    7    8    9   Штраф: 8
       Жадный алгоритм W:    1    8    5    2    3    4    7    6    9   Штраф: 23      Погреш.: 15
 Жадный алгоритм (D-T)*W:    9    1    8    5    2    3    4    7    6   Штраф: 37      Погреш.: 29
      Hill Climbing GREY:    9    1    2    3    4    5    6    7    8   Штраф: 24      Погреш.: 16
       Hill Climbing NEW:    1    8    5    2    3    4    7    6    9   Штраф: 23      Погреш.: 15
                 Ant Alg:    4    5    2    7    9    1    8    6    3   Штраф: 34      Погреш.: 26
------------------------END------------------------
------------------------№ 3------------------------

                   Номер:    1    2    3    4    5    6    7    8    9
            Длительность:    9    2    4    2    8    5    8    8    2
       Директивные сроки:    5   10   15   20   25   30   35   40   45
                     Вес:    1    1    1    1    1    1    1    1    1
           Лучшие решения
          Полный перебор:    1    2    3    4    5    6    7    9    8   Штраф: 16
       Жадный алгоритм W:    2    8    4    3    1    7    5    6    9   Штраф: 56      Погреш.: 40
 Жадный алгоритм (D-T)*W:    9    2    8    4    3    1    7    5    6   Штраф: 61      Погреш.: 45
      Hill Climbing GREY:    9    1    2    3    4    5    6    7    8   Штраф: 28      Погреш.: 12
       Hill Climbing NEW:    1    2    8    4    3    9    7    5    6   Штраф: 52      Погреш.: 36
                 Ant Alg:    4    5    6    2    1    9    8    7    3   Штраф: 34      Погреш.: 18
------------------------END------------------------
------------------------№ 4------------------------

                   Номер:    1    2    3    4    5    6    7    8    9
            Длительность:    3   10    1    1    5    1    7    6    6
       Директивные сроки:    5   10   15   20   25   30   35   40   45
                     Вес:    1    1    1    1    1    1    1    1    1
           Лучшие решения
          Полный перебор:    1    2    3    4    5    6    7    8    9   Штраф: 3
       Жадный алгоритм W:    4    1    8    3    2    6    5    7    9   Штраф: 13      Погреш.: 10
 Жадный алгоритм (D-T)*W:    9    4    1    8    3    2    6    5    7   Штраф: 37      Погреш.: 34
      Hill Climbing GREY:    1    8    3    2    4    5    6    7    9   Штраф: 12      Погреш.: 9
       Hill Climbing NEW:    4    1    8    3    2    6    5    7    9   Штраф: 13      Погреш.: 10
                 Ant Alg:    4    5    7    2    6    8    3    9    1   Штраф: 31      Погреш.: 28
------------------------END------------------------
------------------------№ 5------------------------

                   Номер:    1    2    3    4    5    6    7    8    9
            Длительность:    3    6    1    4    8    9    6    8    2
       Директивные сроки:    5   10   15   20   25   30   35   40   45
                     Вес:    1    1    1    1    1    1    1    1    1
           Лучшие решения
          Полный перебор:    1    2    3    4    5    6    7    8    9   Штраф: 10
       Жадный алгоритм W:    1    8    3    2    7    4    5    6    9   Штраф: 44      Погреш.: 34
 Жадный алгоритм (D-T)*W:    9    1    8    3    2    7    4    5    6   Штраф: 50      Погреш.: 40
      Hill Climbing GREY:    9    1    2    3    4    5    6    7    8   Штраф: 15      Погреш.: 5
       Hill Climbing NEW:    1    8    3    2    7    4    5    6    9   Штраф: 44      Погреш.: 34
                 Ant Alg:    8    4    2    7    9    1    5    6    3   Штраф: 41      Погреш.: 31
------------------------END------------------------
------------------------№ 6------------------------

                   Номер:    1    2    3    4    5    6    7    8    9
            Длительность:    7    8    3    8    3    9    4    4    2
       Директивные сроки:    5   10   15   20   25   30   35   40   45
                     Вес:    1    1    1    1    1    1    1    1    1
           Лучшие решения
          Полный перебор:    1    2    3    5    4    7    8    9    6   Штраф: 37
       Жадный алгоритм W:    1    8    3    2    5    4    7    6    9   Штраф: 48      Погреш.: 11
 Жадный алгоритм (D-T)*W:    9    1    8    3    2    5    4    7    6   Штраф: 58      Погреш.: 21
      Hill Climbing GREY:    9    1    2    3    4    5    6    7    8   Штраф: 57      Погреш.: 20
       Hill Climbing NEW:    1    8    3    2    5    4    7    6    9   Штраф: 48      Погреш.: 11
                 Ant Alg:    2    1    6    4    7    3    8    5    9   Штраф: 52      Погреш.: 15
------------------------END------------------------
------------------------№ 7------------------------

                   Номер:    1    2    3    4    5    6    7    8    9
            Длительность:    7   10    1    6    4    8    3    8    5
       Директивные сроки:    5   10   15   20   25   30   35   40   45
                     Вес:    1    1    1    1    1    1    1    1    1
           Лучшие решения
          Полный перебор:    1    3    2    4    5    7    6    9    8   Штраф: 38
       Жадный алгоритм W:    1    8    3    2    5    4    7    9    6   Штраф: 66      Погреш.: 28
 Жадный алгоритм (D-T)*W:    6    1    8    3    2    5    4    7    9   Штраф: 99      Погреш.: 61
      Hill Climbing GREY:    9    1    2    3    4    5    6    7    8   Штраф: 76      Погреш.: 38
       Hill Climbing NEW:    1    8    3    2    5    4    7    9    6   Штраф: 66      Погреш.: 28
                 Ant Alg:    4    2    1    8    7    6    5    3    9   Штраф: 55      Погреш.: 17
------------------------END------------------------
------------------------№ 8------------------------

                   Номер:    1    2    3    4    5    6    7    8    9
            Длительность:   10    2    8    7    1    3    6    7    4
       Директивные сроки:    5   10   15   20   25   30   35   40   45
                     Вес:    1    1    1    1    1    1    1    1    1
           Лучшие решения
          Полный перебор:    1    2    3    5    4    6    7    8    9   Штраф: 30
       Жадный алгоритм W:    2    8    1    5    3    4    6    7    9   Штраф: 62      Погреш.: 32
 Жадный алгоритм (D-T)*W:    9    2    8    1    5    3    4    6    7   Штраф: 79      Погреш.: 49
      Hill Climbing GREY:    9    1    2    3    4    5    6    7    8   Штраф: 61      Погреш.: 31
       Hill Climbing NEW:    2    8    1    5    3    4    6    7    9   Штраф: 62      Погреш.: 32
                 Ant Alg:    4    6    2    7    3    5    8    9    1   Штраф: 55      Погреш.: 25
------------------------END------------------------
------------------------№ 9------------------------

                   Номер:    1    2    3    4    5    6    7    8    9
            Длительность:    1    6    1    8    2    2    4    3    6
       Директивные сроки:    5   10   15   20   25   30   35   40   45
                     Вес:    1    1    1    1    1    1    1    1    1
           Лучшие решения
          Полный перебор:    1    2    3    4    5    6    7    8    9   Штраф: 0
       Жадный алгоритм W:    3    8    1    2    6    4    5    7    9   Штраф: 2      Погреш.: 2
 Жадный алгоритм (D-T)*W:    9    3    8    1    2    6    4    5    7   Штраф: 24      Погреш.: 24
      Hill Climbing GREY:    8    1    2    3    4    5    6    9    7   Штраф: 0      Погреш.: 0
       Hill Climbing NEW:    3    8    1    2    6    4    5    7    9   Штраф: 2      Погреш.: 2
                 Ant Alg:    6    5    4    3    2    8    7    9    1   Штраф: 7      Погреш.: 7
------------------------END------------------------
------------------------№ 10------------------------

                   Номер:    1    2    3    4    5    6    7    8    9
            Длительность:    8    2    1    6    2    3    1    3    2
       Директивные сроки:    5   10   15   20   25   30   35   40   45
                     Вес:    1    1    1    1    1    1    1    1    1
           Лучшие решения
          Полный перебор:    1    2    3    4    5    6    7    8    9   Штраф: 3
       Жадный алгоритм W:    1    3    2    8    7    4    5    6    9   Штраф: 5      Погреш.: 2
 Жадный алгоритм (D-T)*W:    9    1    3    2    8    7    4    5    6   Штраф: 11      Погреш.: 8
      Hill Climbing GREY:    1    2    8    3    4    5    6    7    9   Штраф: 3      Погреш.: 0
       Hill Climbing NEW:    1    3    2    8    7    4    5    6    9   Штраф: 5      Погреш.: 2
                 Ant Alg:    2    3    4    5    8    1    9    7    6   Штраф: 11      Погреш.: 8
------------------------END------------------------
------------------------№ 11------------------------

                   Номер:    1    2    3    4    5    6    7    8    9
            Длительность:    7    8   10    5    2    5    8    5    2
       Директивные сроки:    5   10   15   20   25   30   35   40   45
                     Вес:    1    1    1    1    1    1    1    1    1
           Лучшие решения
          Полный перебор:    1    2    4    5    6    7    8    9    3   Штраф: 44
       Жадный алгоритм W:    1    8    2    5    3    4    7    6    9   Штраф: 83      Погреш.: 39
 Жадный алгоритм (D-T)*W:    9    1    8    2    5    3    4    7    6   Штраф: 88      Погреш.: 44
      Hill Climbing GREY:    9    1    2    3    4    5    6    7    8   Штраф: 77      Погреш.: 33
       Hill Climbing NEW:    1    2    8    5    4    3    9    7    6   Штраф: 70      Погреш.: 26
                 Ant Alg:    2    1    7    5    9    8    4    3    6   Штраф: 63      Погреш.: 19
------------------------END------------------------
------------------------№ 12------------------------

                   Номер:    1    2    3    4    5    6    7    8    9
            Длительность:    9    3    8    9    7    2    3    2    5
       Директивные сроки:    5   10   15   20   25   30   35   40   45
                     Вес:    1    1    1    1    1    1    1    1    1
           Лучшие решения
          Полный перебор:    1    2    3    5    6    7    8    4    9   Штраф: 39
       Жадный алгоритм W:    1    8    2    6    3    7    4    5    9   Штраф: 54      Погреш.: 15
 Жадный алгоритм (D-T)*W:    9    1    8    2    6    3    7    4    5   Штраф: 76      Погреш.: 37
      Hill Climbing GREY:    8    2    1    3    6    4    7    5    9   Штраф: 51      Погреш.: 12
       Hill Climbing NEW:    1    8    2    6    3    7    4    5    9   Штраф: 54      Погреш.: 15
                 Ant Alg:    3    5    6    4    7    2    9    1    8   Штраф: 64      Погреш.: 25
------------------------END------------------------
------------------------№ 13------------------------

                   Номер:    1    2    3    4    5    6    7    8    9
            Длительность:    8    3    9    1    1   10    6    7    2
       Директивные сроки:    5   10   15   20   25   30   35   40   45
                     Вес:    1    1    1    1    1    1    1    1    1
           Лучшие решения
          Полный перебор:    1    2    3    4    5    6    7    8    9   Штраф: 22
       Жадный алгоритм W:    1    8    2    4    3    5    7    6    9   Штраф: 45      Погреш.: 23
 Жадный алгоритм (D-T)*W:    9    1    8    2    4    3    5    7    6   Штраф: 56      Погреш.: 34
      Hill Climbing GREY:    9    1    2    3    4    5    6    7    8   Штраф: 34      Погреш.: 12
       Hill Climbing NEW:    1    8    2    4    3    5    7    6    9   Штраф: 45      Погреш.: 23
                 Ant Alg:    2    5    1    8    7    4    6    9    3   Штраф: 46      Погреш.: 24
------------------------END------------------------
------------------------№ 14------------------------

                   Номер:    1    2    3    4    5    6    7    8    9
            Длительность:    1    8    8    7    3    3    5    3    9
       Директивные сроки:    5   10   15   20   25   30   35   40   45
                     Вес:    1    1    1    1    1    1    1    1    1
           Лучшие решения
          Полный перебор:    1    2    3    4    5    6    7    8    9   Штраф: 10
       Жадный алгоритм W:    1    8    5    2    3    6    4    7    9   Штраф: 31      Погреш.: 21
 Жадный алгоритм (D-T)*W:    9    1    8    5    2    3    6    4    7   Штраф: 75      Погреш.: 65
      Hill Climbing GREY:    8    1    2    3    5    4    6    7    9   Штраф: 25      Погреш.: 15
       Hill Climbing NEW:    1    8    5    2    3    6    4    7    9   Штраф: 31      Погреш.: 21
                 Ant Alg:    4    8    5    2    6    7    1    9    3   Штраф: 50      Погреш.: 40
------------------------END------------------------
------------------------№ 15------------------------

                   Номер:    1    2    3    4    5    6    7    8    9
            Длительность:    2    4    2    8    5    4    3    1   10
       Директивные сроки:    5   10   15   20   25   30   35   40   45
                     Вес:    1    1    1    1    1    1    1    1    1
           Лучшие решения
          Полный перебор:    1    2    3    4    5    6    7    8    9   Штраф: 0
       Жадный алгоритм W:    3    8    1    2    7    4    5    6    9   Штраф: 0      Погреш.: 0
 Жадный алгоритм (D-T)*W:    9    3    8    1    2    7    4    5    6   Штраф: 48      Погреш.: 48
      Hill Climbing GREY:    8    1    2    3    4    5    6    7    9   Штраф: 0      Погреш.: 0
       Hill Climbing NEW:    3    8    1    2    7    4    5    6    9   Штраф: 0      Погреш.: 0
                 Ant Alg:    6    5    4    2    7    8    3    9    1   Штраф: 4      Погреш.: 4
------------------------END------------------------
------------------------№ 16------------------------

                   Номер:    1    2    3    4    5    6    7    8    9
            Длительность:    8    8    5    4    3    7    3    1    7
       Директивные сроки:    5   10   15   20   25   30   35   40   45
                     Вес:    1    1    1    1    1    1    1    1    1
           Лучшие решения
          Полный перебор:    1    3    4    2    5    6    7    8    9   Штраф: 30
       Жадный алгоритм W:    1    2    8    3    4    5    7    6    9   Штраф: 36      Погреш.: 6
 Жадный алгоритм (D-T)*W:    9    1    2    8    3    4    5    7    6   Штраф: 81      Погреш.: 51
      Hill Climbing GREY:    1    8    3    2    5    4    7    6    9   Штраф: 34      Погреш.: 4
       Hill Climbing NEW:    1    2    8    3    4    5    7    6    9   Штраф: 36      Погреш.: 6
                 Ant Alg:    4    5    2    6    7    3    9    1    8   Штраф: 45      Погреш.: 15
------------------------END------------------------
------------------------№ 17------------------------

                   Номер:    1    2    3    4    5    6    7    8    9
            Длительность:    1    9    2    4    6   10   10    1    2
       Директивные сроки:    5   10   15   20   25   30   35   40   45
                     Вес:    1    1    1    1    1    1    1    1    1
           Лучшие решения
          Полный перебор:    1    2    3    4    5    6    8    7    9   Штраф: 10
       Жадный алгоритм W:    7    8    1    2    3    4    5    6    9   Штраф: 54      Погреш.: 44
 Жадный алгоритм (D-T)*W:    9    7    8    1    2    3    4    5    6   Штраф: 66      Погреш.: 56
      Hill Climbing GREY:    8    1    2    3    4    5    6    7    9   Штраф: 12      Погреш.: 2
       Hill Climbing NEW:    9    8    1    2    3    4    5    6    7   Штраф: 18      Погреш.: 8
                 Ant Alg:    4    5    6    1    8    3    2    7    9   Штраф: 30      Погреш.: 20
------------------------END------------------------
------------------------№ 18------------------------

                   Номер:    1    2    3    4    5    6    7    8    9
            Длительность:    2    1    6    7    2    1    4    6    4
       Директивные сроки:    5   10   15   20   25   30   35   40   45
                     Вес:    1    1    1    1    1    1    1    1    1
           Лучшие решения
          Полный перебор:    1    2    3    4    5    6    7    8    9   Штраф: 0
       Жадный алгоритм W:    1    8    6    2    3    4    5    7    9   Штраф: 4      Погреш.: 4
 Жадный алгоритм (D-T)*W:    9    1    8    6    2    3    4    5    7   Штраф: 21      Погреш.: 21
      Hill Climbing GREY:    9    1    2    3    4    5    6    7    8   Штраф: 1      Погреш.: 1
       Hill Climbing NEW:    1    8    6    2    3    4    5    7    9   Штраф: 4      Погреш.: 4
                 Ant Alg:    4    5    2    3    6    9    8    7    1   Штраф: 10      Погреш.: 10
------------------------END------------------------
------------------------№ 19------------------------

                   Номер:    1    2    3    4    5    6    7    8    9
            Длительность:    8    6    6    9    8    1    7    1    6
       Директивные сроки:    5   10   15   20   25   30   35   40   45
                     Вес:    1    1    1    1    1    1    1    1    1
           Лучшие решения
          Полный перебор:    1    2    3    5    6    7    8    9    4   Штраф: 48
       Жадный алгоритм W:    1    6    2    3    4    8    5    7    9   Штраф: 56      Погреш.: 8
 Жадный алгоритм (D-T)*W:    9    1    6    2    3    4    8    5    7   Штраф: 85      Погреш.: 37
      Hill Climbing GREY:    1    2    3    4    6    5    8    9    7   Штраф: 51      Погреш.: 3
       Hill Climbing NEW:    1    6    2    3    4    8    5    7    9   Штраф: 56      Погреш.: 8
                 Ant Alg:    7    3    4    5    6    8    2    9    1   Штраф: 61      Погреш.: 13
------------------------END------------------------
------------------------№ 20------------------------

                   Номер:    1    2    3    4    5    6    7    8    9
            Длительность:    5    5   10    8    6    8    1    9   10
       Директивные сроки:    5   10   15   20   25   30   35   40   45
                     Вес:    1    1    1    1    1    1    1    1    1
           Лучшие решения
          Полный перебор:    1    2    4    5    6    7    8    3    9   Штраф: 58
       Жадный алгоритм W:    1    7    2    3    8    5    4    6    9   Штраф: 81      Погреш.: 23
 Жадный алгоритм (D-T)*W:    9    1    7    2    3    8    5    4    6   Штраф: 124      Погреш.: 66
      Hill Climbing GREY:    1    2    3    8    7    5    4    6    9   Штраф: 79      Погреш.: 21
       Hill Climbing NEW:    1    7    2    3    8    5    4    6    9   Штраф: 81      Погреш.: 23
                 Ant Alg:    2    5    4    3    8    7    9    1    6   Штраф: 72      Погреш.: 14
------------------------END------------------------
------------------------№ 21------------------------

                   Номер:    1    2    3    4    5    6    7    8    9
            Длительность:    9    8    5    3    5    3    4   10    5
       Директивные сроки:    5   10   15   20   25   30   35   40   45
                     Вес:    1    1    1    1    1    1    1    1    1
           Лучшие решения
          Полный перебор:    1    3    4    2    5    6    7    9    8   Штраф: 41
       Жадный алгоритм W:    2    8    3    4    1    6    5    7    9   Штраф: 89      Погреш.: 48
 Жадный алгоритм (D-T)*W:    9    2    8    3    4    1    6    5    7   Штраф: 115      Погреш.: 74
      Hill Climbing GREY:    9    1    2    3    4    5    6    7    8   Штраф: 80      Погреш.: 39
       Hill Climbing NEW:    2    8    3    4    1    6    5    7    9   Штраф: 89      Погреш.: 48
                 Ant Alg:    6    5    8    2    7    9    3    4    1   Штраф: 60      Погреш.: 19
------------------------END------------------------
------------------------№ 22------------------------

                   Номер:    1    2    3    4    5    6    7    8    9
            Длительность:    4   10    6    2    6    9    4    8    1
       Директивные сроки:    5   10   15   20   25   30   35   40   45
                     Вес:    1    1    1    1    1    1    1    1    1
           Лучшие решения
          Полный перебор:    1    2    3    4    5    7    8    9    6   Штраф: 34
       Жадный алгоритм W:    1    8    3    4    9    7    5    6    2   Штраф: 59      Погреш.: 25
 Жадный алгоритм (D-T)*W:    2    1    8    3    4    9    7    5    6   Штраф: 68      Погреш.: 34
      Hill Climbing GREY:    9    1    2    3    4    5    6    7    8   Штраф: 43      Погреш.: 9
       Hill Climbing NEW:    1    8    3    4    9    7    5    6    2   Штраф: 59      Погреш.: 25
                 Ant Alg:    4    5    1    2    8    9    7    6    3   Штраф: 51      Погреш.: 17
------------------------END------------------------
------------------------№ 23------------------------

                   Номер:    1    2    3    4    5    6    7    8    9
            Длительность:    4    3    9    6    2    2    2    3    4
       Директивные сроки:    5   10   15   20   25   30   35   40   45
                     Вес:    1    1    1    1    1    1    1    1    1
           Лучшие решения
          Полный перебор:    1    2    3    4    5    6    7    8    9   Штраф: 3
       Жадный алгоритм W:    1    2    8    5    3    4    6    7    9   Штраф: 13      Погреш.: 10
 Жадный алгоритм (D-T)*W:    9    1    2    8    5    3    4    6    7   Штраф: 28      Погреш.: 25
      Hill Climbing GREY:    1    8    2    3    4    5    6    9    7   Штраф: 11      Погреш.: 8
       Hill Climbing NEW:    1    2    8    5    3    4    6    7    9   Штраф: 13      Погреш.: 10
                 Ant Alg:    4    5    3    9    8    2    7    6    1   Штраф: 29      Погреш.: 26
------------------------END------------------------
------------------------№ 24------------------------

                   Номер:    1    2    3    4    5    6    7    8    9
            Длительность:    6   10    6    5   10    9    8    6    3
       Директивные сроки:    5   10   15   20   25   30   35   40   45
                     Вес:    1    1    1    1    1    1    1    1    1
           Лучшие решения
          Полный перебор:    1    3    4    2    7    8    9    6    5   Штраф: 80
       Жадный алгоритм W:    1    8    3    4    9    7    5    6    2   Штраф: 102      Погреш.: 22
 Жадный алгоритм (D-T)*W:    2    1    8    3    4    9    7    5    6   Штраф: 108      Погреш.: 28
      Hill Climbing GREY:    9    1    2    3    4    5    6    7    8   Штраф: 112      Погреш.: 32
       Hill Climbing NEW:    1    8    3    4    9    7    5    6    2   Штраф: 102      Погреш.: 22
                 Ant Alg:    2    1    6    5    4    7    9    3    8   Штраф: 97      Погреш.: 17
------------------------END------------------------
------------------------№ 25------------------------

                   Номер:    1    2    3    4    5    6    7    8    9
            Длительность:    9    5    7    9    5    2   10   10    3
       Директивные сроки:    5   10   15   20   25   30   35   40   45
                     Вес:    1    1    1    1    1    1    1    1    1
           Лучшие решения
          Полный перебор:    1    2    3    5    6    4    9    8    7   Штраф: 67
       Жадный алгоритм W:    1    8    2    3    6    4    5    7    9   Штраф: 118      Погреш.: 51
 Жадный алгоритм (D-T)*W:    9    1    8    2    3    6    4    5    7   Штраф: 124      Погреш.: 57
      Hill Climbing GREY:    9    1    2    3    4    5    6    7    8   Штраф: 94      Погреш.: 27
       Hill Climbing NEW:    1    2    8    3    6    5    4    9    7   Штраф: 97      Погреш.: 30
                 Ant Alg:    2    1    4    5    6    7    3    8    9   Штраф: 72      Погреш.: 5
------------------------END------------------------
------------------------№ 26------------------------

                   Номер:    1    2    3    4    5    6    7    8    9
            Длительность:    1    4    5    9   10    8    6    5    3
       Директивные сроки:    5   10   15   20   25   30   35   40   45
                     Вес:    1    1    1    1    1    1    1    1    1
           Лучшие решения
          Полный перебор:    1    2    3    4    5    7    8    9    6   Штраф: 25
       Жадный алгоритм W:    7    8    1    2    3    4    5    6    9   Штраф: 68      Погреш.: 43
 Жадный алгоритм (D-T)*W:    9    7    8    1    2    3    4    5    6   Штраф: 80      Погреш.: 55
      Hill Climbing GREY:    9    1    2    3    4    5    6    7    8   Штраф: 41      Погреш.: 16
       Hill Climbing NEW:    9    8    1    2    3    4    5    6    7   Штраф: 60      Погреш.: 35
                 Ant Alg:    5    1    6    4    3    9    2    7    8   Штраф: 55      Погреш.: 30
------------------------END------------------------
------------------------№ 27------------------------

                   Номер:    1    2    3    4    5    6    7    8    9
            Длительность:    4    6    7   10    8    5    7    7    7
       Директивные сроки:    5   10   15   20   25   30   35   40   45
                     Вес:    1    1    1    1    1    1    1    1    1
           Лучшие решения
          Полный перебор:    1    2    3    5    6    7    8    9    4   Штраф: 55
       Жадный алгоритм W:    1    2    3    6    7    5    4    8    9   Штраф: 71      Погреш.: 16
 Жадный алгоритм (D-T)*W:    9    1    2    3    6    7    5    4    8   Штраф: 97      Погреш.: 42
      Hill Climbing GREY:    1    2    3    8    6    4    9    7    5   Штраф: 76      Погреш.: 21
       Hill Climbing NEW:    1    2    3    6    7    5    4    8    9   Штраф: 71      Погреш.: 16
                 Ant Alg:    2    3    8    7    6    4    5    9    1   Штраф: 77      Погреш.: 22
------------------------END------------------------
------------------------№ 28------------------------

                   Номер:    1    2    3    4    5    6    7    8    9
            Длительность:    6    4    9    8    3    2    4    8    3
       Директивные сроки:    5   10   15   20   25   30   35   40   45
                     Вес:    1    1    1    1    1    1    1    1    1
           Лучшие решения
          Полный перебор:    1    2    3    5    4    6    7    8    9   Штраф: 24
       Жадный алгоритм W:    1    8    2    5    3    4    6    7    9   Штраф: 63      Погреш.: 39
 Жадный алгоритм (D-T)*W:    9    1    8    2    5    3    4    6    7   Штраф: 79      Погреш.: 55
      Hill Climbing GREY:    9    1    2    3    4    5    6    7    8   Штраф: 48      Погреш.: 24
       Hill Climbing NEW:    1    2    8    6    5    3    4    9    7   Штраф: 50      Погреш.: 26
                 Ant Alg:    1    2    8    7    4    5    6    9    3   Штраф: 34      Погреш.: 10
------------------------END------------------------
------------------------№ 29------------------------

                   Номер:    1    2    3    4    5    6    7    8    9
            Длительность:    1    3    2    7    1    2   10    3    6
       Директивные сроки:    5   10   15   20   25   30   35   40   45
                     Вес:    1    1    1    1    1    1    1    1    1
           Лучшие решения
          Полный перебор:    1    2    3    4    5    6    7    8    9   Штраф: 0
       Жадный алгоритм W:    5    8    1    2    3    4    6    9    7   Штраф: 0      Погреш.: 0
 Жадный алгоритм (D-T)*W:    7    5    8    1    2    3    4    6    9   Штраф: 30      Погреш.: 30
      Hill Climbing GREY:    8    1    2    3    4    5    6    9    7   Штраф: 0      Погреш.: 0
       Hill Climbing NEW:    5    8    1    2    3    4    6    9    7   Штраф: 0      Погреш.: 0
                 Ant Alg:    3    5    4    2    6    8    7    1    9   Штраф: 2      Погреш.: 2
------------------------END------------------------
------------------------№ 30------------------------

                   Номер:    1    2    3    4    5    6    7    8    9
            Длительность:    7    1    9    1    5    4    5    4    6
       Директивные сроки:    5   10   15   20   25   30   35   40   45
                     Вес:    1    1    1    1    1    1    1    1    1
           Лучшие решения
          Полный перебор:    1    2    3    4    5    6    7    8    9   Штраф: 4
       Жадный алгоритм W:    1    8    2    4    5    3    6    7    9   Штраф: 18      Погреш.: 14
 Жадный алгоритм (D-T)*W:    9    1    8    2    4    5    3    6    7   Штраф: 48      Погреш.: 44
      Hill Climbing GREY:    8    2    1    4    3    5    6    7    9   Штраф: 18      Погреш.: 14
       Hill Climbing NEW:    1    8    2    4    5    3    6    7    9   Штраф: 18      Погреш.: 14
                 Ant Alg:    3    6    5    4    7    2    9    8    1   Штраф: 34      Погреш.: 30
------------------------END------------------------
------------------------№ 31------------------------

                   Номер:    1    2    3    4    5    6    7    8    9
            Длительность:    6    2   10    3    4    5    3    5    6
       Директивные сроки:    5   10   15   20   25   30   35   40   45
                     Вес:    1    1    1    1    1    1    1    1    1
           Лучшие решения
          Полный перебор:    1    2    3    4    5    6    7    8    9   Штраф: 5
       Жадный алгоритм W:    1    8    2    7    4    5    3    6    9   Штраф: 30      Погреш.: 25
 Жадный алгоритм (D-T)*W:    9    1    8    2    7    4    5    3    6   Штраф: 63      Погреш.: 58
      Hill Climbing GREY:    8    2    1    4    5    3    6    7    9   Штраф: 31      Погреш.: 26
       Hill Climbing NEW:    1    8    2    7    4    5    3    6    9   Штраф: 30      Погреш.: 25
                 Ant Alg:    3    6    4    5    2    9    7    8    1   Штраф: 40      Погреш.: 35
------------------------END------------------------
------------------------№ 32------------------------

                   Номер:    1    2    3    4    5    6    7    8    9
            Длительность:    2    6    8    9    4    7    5   10    5
       Директивные сроки:    5   10   15   20   25   30   35   40   45
                     Вес:    1    1    1    1    1    1    1    1    1
           Лучшие решения
          Полный перебор:    1    2    3    4    5    7    6    9    8   Штраф: 38
       Жадный алгоритм W:    1    8    2    3    5    4    7    6    9   Штраф: 84      Погреш.: 46
 Жадный алгоритм (D-T)*W:    9    1    8    2    3    5    4    7    6   Штраф: 105      Погреш.: 67
      Hill Climbing GREY:    9    1    2    3    4    5    6    7    8   Штраф: 68      Погреш.: 30
       Hill Climbing NEW:    1    8    2    3    5    4    7    6    9   Штраф: 84      Погреш.: 46
                 Ant Alg:    2    1    7    4    5    6    8    9    3   Штраф: 72      Погреш.: 34
------------------------END------------------------
------------------------№ 33------------------------

                   Номер:    1    2    3    4    5    6    7    8    9
            Длительность:   10    8    6    3    3    3    4    4    9
       Директивные сроки:    5   10   15   20   25   30   35   40   45
                     Вес:    1    1    1    1    1    1    1    1    1
           Лучшие решения
          Полный перебор:    2    3    4    5    1    6    7    8    9   Штраф: 36
       Жадный алгоритм W:    2    1    8    4    3    5    6    7    9   Штраф: 61      Погреш.: 25
 Жадный алгоритм (D-T)*W:    9    2    1    8    4    3    5    6    7   Штраф: 117      Погреш.: 81
      Hill Climbing GREY:    1    8    4    2    5    6    7    3    9   Штраф: 55      Погреш.: 19
       Hill Climbing NEW:    2    1    8    4    3    5    6    7    9   Штраф: 61      Погреш.: 25
                 Ant Alg:    8    5    2    6    3    9    7    4    1   Штраф: 52      Погреш.: 16
------------------------END------------------------
------------------------№ 34------------------------

                   Номер:    1    2    3    4    5    6    7    8    9
            Длительность:    5    6    4    8    9   10    1   10    8
       Директивные сроки:    5   10   15   20   25   30   35   40   45
                     Вес:    1    1    1    1    1    1    1    1    1
           Лучшие решения
          Полный перебор:    1    2    3    4    5    7    6    9    8   Штраф: 51
       Жадный алгоритм W:    1    7    2    3    4    8    5    6    9   Штраф: 64      Погреш.: 13
 Жадный алгоритм (D-T)*W:    9    1    7    2    3    4    8    5    6   Штраф: 98      Погреш.: 47
      Hill Climbing GREY:    1    2    3    4    8    7    5    9    6   Штраф: 59      Погреш.: 8
       Hill Climbing NEW:    1    7    2    3    4    8    5    6    9   Штраф: 64      Погреш.: 13
                 Ant Alg:    3    4    2    5    6    8    1    7    9   Штраф: 62      Погреш.: 11
------------------------END------------------------
------------------------№ 35------------------------

                   Номер:    1    2    3    4    5    6    7    8    9
            Длительность:    2    1    8    1   10    2    4    6    7
       Директивные сроки:    5   10   15   20   25   30   35   40   45
                     Вес:    1    1    1    1    1    1    1    1    1
           Лучшие решения
          Полный перебор:    1    2    3    4    5    6    7    8    9   Штраф: 0
       Жадный алгоритм W:    4    1    8    2    3    6    5    7    9   Штраф: 8      Погреш.: 8
 Жадный алгоритм (D-T)*W:    9    4    1    8    2    3    6    5    7   Штраф: 40      Погреш.: 40
      Hill Climbing GREY:    1    8    2    3    4    5    6    7    9   Штраф: 5      Погреш.: 5
       Hill Climbing NEW:    4    1    8    2    3    6    5    7    9   Штраф: 8      Погреш.: 8
                 Ant Alg:    9    3    5    2    6    8    1    4    7   Штраф: 14      Погреш.: 14
------------------------END------------------------
------------------------№ 36------------------------

                   Номер:    1    2    3    4    5    6    7    8    9
            Длительность:    8   10    9   10    6    5    8    1    7
       Директивные сроки:    5   10   15   20   25   30   35   40   45
                     Вес:    1    1    1    1    1    1    1    1    1
           Лучшие решения
          Полный перебор:    1    3    5    6    7    8    9    4    2   Штраф: 94
       Жадный алгоритм W:    1    8    3    2    6    5    7    4    9   Штраф: 109      Погреш.: 15
 Жадный алгоритм (D-T)*W:    9    1    8    3    2    6    5    7    4   Штраф: 139      Погреш.: 45
      Hill Climbing GREY:    1    3    2    6    5    8    9    7    4   Штраф: 101      Погреш.: 7
       Hill Climbing NEW:    1    8    3    2    6    5    7    4    9   Штраф: 109      Погреш.: 15
                 Ant Alg:    3    9    2    6    5    8    1    7    4   Штраф: 128      Погреш.: 34
------------------------END------------------------
------------------------№ 37------------------------

                   Номер:    1    2    3    4    5    6    7    8    9
            Длительность:    4    5    5    5    2    4    8    8    5
       Директивные сроки:    5   10   15   20   25   30   35   40   45
                     Вес:    1    1    1    1    1    1    1    1    1
           Лучшие решения
          Полный перебор:    1    2    3    4    5    6    7    8    9   Штраф: 2
       Жадный алгоритм W:    1    8    2    3    5    4    6    7    9   Штраф: 33      Погреш.: 31
 Жадный алгоритм (D-T)*W:    9    1    8    2    3    5    4    6    7   Штраф: 65      Погреш.: 63
      Hill Climbing GREY:    9    1    2    3    4    5    6    7    8   Штраф: 26      Погреш.: 24
       Hill Climbing NEW:    1    8    2    3    5    4    6    7    9   Штраф: 33      Погреш.: 31
                 Ant Alg:    2    1    5    8    6    7    4    3    9   Штраф: 36      Погреш.: 34
------------------------END------------------------
------------------------№ 38------------------------

                   Номер:    1    2    3    4    5    6    7    8    9
            Длительность:    2    9    2    9    5    5    5    4   10
       Директивные сроки:    5   10   15   20   25   30   35   40   45
                     Вес:    1    1    1    1    1    1    1    1    1
           Лучшие решения
          Полный перебор:    1    2    3    4    5    6    7    8    9   Штраф: 16
       Жадный алгоритм W:    3    1    2    8    5    6    7    4    9   Штраф: 30      Погреш.: 14
 Жадный алгоритм (D-T)*W:    9    3    1    2    8    5    6    7    4   Штраф: 74      Погреш.: 58
      Hill Climbing GREY:    1    2    3    8    5    6    7    4    9   Штраф: 28      Погреш.: 12
       Hill Climbing NEW:    3    1    2    8    5    6    7    4    9   Штраф: 30      Погреш.: 14
                 Ant Alg:    2    3    4    8    7    9    5    6    1   Штраф: 37      Погреш.: 21
------------------------END------------------------
------------------------№ 39------------------------

                   Номер:    1    2    3    4    5    6    7    8    9
            Длительность:    5    1    2    7    5    4    6    3    1
       Директивные сроки:    5   10   15   20   25   30   35   40   45
                     Вес:    1    1    1    1    1    1    1    1    1
           Лучшие решения
          Полный перебор:    1    2    3    4    5    6    7    8    9   Штраф: 0
       Жадный алгоритм W:    7    1    8    2    3    4    5    6    9   Штраф: 24      Погреш.: 24
 Жадный алгоритм (D-T)*W:    9    7    1    8    2    3    4    5    6   Штраф: 30      Погреш.: 30
      Hill Climbing GREY:    1    8    2    3    4    5    6    7    9   Штраф: 0      Погреш.: 0
       Hill Climbing NEW:    9    1    8    2    3    4    5    6    7   Штраф: 1      Погреш.: 1
                 Ant Alg:    3    1    6    5    4    9    8    7    2   Штраф: 8      Погреш.: 8
------------------------END------------------------
------------------------№ 40------------------------

                   Номер:    1    2    3    4    5    6    7    8    9
            Длительность:    6    8    5    7    5    2    2    3    6
       Директивные сроки:    5   10   15   20   25   30   35   40   45
                     Вес:    1    1    1    1    1    1    1    1    1
           Лучшие решения
          Полный перебор:    1    2    3    5    6    4    7    8    9   Штраф: 22
       Жадный алгоритм W:    1    2    8    3    4    6    7    5    9   Штраф: 35      Погреш.: 13
 Жадный алгоритм (D-T)*W:    9    1    2    8    3    4    6    7    5   Штраф: 75      Погреш.: 53
      Hill Climbing GREY:    1    8    3    4    2    6    7    5    9   Штраф: 35      Погреш.: 13
       Hill Climbing NEW:    1    2    8    3    4    6    7    5    9   Штраф: 35      Погреш.: 13
                 Ant Alg:    2    1    9    5    6    7    8    3    4   Штраф: 53      Погреш.: 31
------------------------END------------------------
------------------------№ 41------------------------

                   Номер:    1    2    3    4    5    6    7    8    9
            Длительность:    6    6    3    3    3   10    6    9    7
       Директивные сроки:    5   10   15   20   25   30   35   40   45
                     Вес:    1    1    1    1    1    1    1    1    1
           Лучшие решения
          Полный перебор:    1    2    3    4    5    6    7    9    8   Штраф: 19
       Жадный алгоритм W:    1    8    2    3    4    5    7    9    6   Штраф: 57      Погреш.: 38
 Жадный алгоритм (D-T)*W:    6    1    8    2    3    4    5    7    9   Штраф: 102      Погреш.: 83
      Hill Climbing GREY:    9    1    2    3    4    5    6    7    8   Штраф: 62      Погреш.: 43
       Hill Climbing NEW:    1    8    2    3    4    5    7    9    6   Штраф: 57      Погреш.: 38
                 Ant Alg:    4    1    7    5    3    8    6    2    9   Штраф: 78      Погреш.: 59
------------------------END------------------------
------------------------№ 42------------------------

                   Номер:    1    2    3    4    5    6    7    8    9
            Длительность:    6    6    5    5    5    3    3    8    8
       Директивные сроки:    5   10   15   20   25   30   35   40   45
                     Вес:    1    1    1    1    1    1    1    1    1
           Лучшие решения
          Полный перебор:    1    2    3    4    5    6    7    8    9   Штраф: 14
       Жадный алгоритм W:    1    2    3    6    4    5    7    8    9   Штраф: 20      Погреш.: 6
 Жадный алгоритм (D-T)*W:    9    1    2    3    6    4    5    7    8   Штраф: 70      Погреш.: 56
      Hill Climbing GREY:    1    2    3    4    5    6    7    8    9   Штраф: 14      Погреш.: 0
       Hill Climbing NEW:    1    2    3    6    4    5    7    8    9   Штраф: 20      Погреш.: 6
                 Ant Alg:    5    3    8    2    4    7    6    9    1   Штраф: 42      Погреш.: 28
------------------------END------------------------
------------------------№ 43------------------------

                   Номер:    1    2    3    4    5    6    7    8    9
            Длительность:    4    3    1   10    8    7    3    4    6
       Директивные сроки:    5   10   15   20   25   30   35   40   45
                     Вес:    1    1    1    1    1    1    1    1    1
           Лучшие решения
          Полный перебор:    1    2    3    4    5    6    7    8    9   Штраф: 6
       Жадный алгоритм W:    3    1    2    8    7    4    5    6    9   Штраф: 24      Погреш.: 18
 Жадный алгоритм (D-T)*W:    9    3    1    2    8    7    4    5    6   Штраф: 51      Погреш.: 45
      Hill Climbing GREY:    1    2    8    3    4    5    7    6    9   Штраф: 18      Погреш.: 12
       Hill Climbing NEW:    3    1    2    8    7    4    5    6    9   Штраф: 24      Погреш.: 18
                 Ant Alg:    6    3    4    2    7    9    1    5    8   Штраф: 24      Погреш.: 18
------------------------END------------------------
------------------------№ 44------------------------

                   Номер:    1    2    3    4    5    6    7    8    9
            Длительность:    3    5    7    9    7    2    6    4    4
       Директивные сроки:    5   10   15   20   25   30   35   40   45
                     Вес:    1    1    1    1    1    1    1    1    1
           Лучшие решения
          Полный перебор:    1    2    3    4    6    5    7    8    9   Штраф: 21
       Жадный алгоритм W:    6    1    2    3    4    8    5    7    9   Штраф: 30      Погреш.: 9
 Жадный алгоритм (D-T)*W:    9    6    1    2    3    4    8    5    7   Штраф: 52      Погреш.: 31
      Hill Climbing GREY:    1    2    3    4    8    6    7    5    9   Штраф: 25      Погреш.: 4
       Hill Climbing NEW:    6    1    2    3    4    8    5    7    9   Штраф: 30      Погреш.: 9
                 Ant Alg:    2    8    3    4    5    6    7    9    1   Штраф: 46      Погреш.: 25
------------------------END------------------------
------------------------№ 45------------------------

                   Номер:    1    2    3    4    5    6    7    8    9
            Длительность:    5    7    3   10    7    5    2    5    1
       Директивные сроки:    5   10   15   20   25   30   35   40   45
                     Вес:    1    1    1    1    1    1    1    1    1
           Лучшие решения
          Полный перебор:    1    2    3    4    6    7    5    8    9   Штраф: 25
       Жадный алгоритм W:    1    8    2    3    7    4    5    6    9   Штраф: 52      Погреш.: 27
 Жадный алгоритм (D-T)*W:    9    1    8    2    3    7    4    5    6   Штраф: 58      Погреш.: 33
      Hill Climbing GREY:    9    1    2    3    4    5    6    7    8   Штраф: 37      Погреш.: 12
       Hill Climbing NEW:    1    8    2    3    7    4    5    6    9   Штраф: 52      Погреш.: 27
                 Ant Alg:    2    1    4    8    9    5    6    7    3   Штраф: 41      Погреш.: 16
------------------------END------------------------
------------------------№ 46------------------------

                   Номер:    1    2    3    4    5    6    7    8    9
            Длительность:    5    6    6    9    8    8    1   10    2
       Директивные сроки:    5   10   15   20   25   30   35   40   45
                     Вес:    1    1    1    1    1    1    1    1    1
           Лучшие решения
          Полный перебор:    1    2    3    5    6    7    4    9    8   Штраф: 44
       Жадный алгоритм W:    1    8    2    3    7    9    5    6    4   Штраф: 87      Погреш.: 43
 Жадный алгоритм (D-T)*W:    4    1    8    2    3    7    9    5    6   Штраф: 99      Погреш.: 55
      Hill Climbing GREY:    9    1    2    3    4    5    6    7    8   Штраф: 67      Погреш.: 23
       Hill Climbing NEW:    1    2    8    4    3    7    9    5    6   Штраф: 81      Погреш.: 37
                 Ant Alg:    2    1    5    4    3    6    7    8    9   Штраф: 63      Погреш.: 19
------------------------END------------------------
------------------------№ 47------------------------

                   Номер:    1    2    3    4    5    6    7    8    9
            Длительность:    4    9    5    3    3    3    7    4    9
       Директивные сроки:    5   10   15   20   25   30   35   40   45
                     Вес:    1    1    1    1    1    1    1    1    1
           Лучшие решения
          Полный перебор:    1    2    3    4    5    6    7    8    9   Штраф: 9
       Жадный алгоритм W:    1    2    3    8    4    5    6    7    9   Штраф: 20      Погреш.: 11
 Жадный алгоритм (D-T)*W:    9    1    2    3    8    4    5    6    7   Штраф: 80      Погреш.: 71
      Hill Climbing GREY:    1    2    8    4    3    5    6    7    9   Штраф: 22      Погреш.: 13
       Hill Climbing NEW:    1    2    3    8    4    5    6    7    9   Штраф: 20      Погреш.: 11
                 Ant Alg:    5    3    2    4    8    6    9    7    1   Штраф: 45      Погреш.: 36
------------------------END------------------------
------------------------№ 48------------------------

                   Номер:    1    2    3    4    5    6    7    8    9
            Длительность:    5    8    4    8    9    1   10    6    4
       Директивные сроки:    5   10   15   20   25   30   35   40   45
                     Вес:    1    1    1    1    1    1    1    1    1
           Лучшие решения
          Полный перебор:    1    2    3    4    6    5    8    9    7   Штраф: 41
       Жадный алгоритм W:    1    8    2    3    6    4    5    7    9   Штраф: 71      Погреш.: 30
 Жадный алгоритм (D-T)*W:    9    1    8    2    3    6    4    5    7   Штраф: 85      Погреш.: 44
      Hill Climbing GREY:    9    1    2    3    4    5    6    7    8   Штраф: 77      Погреш.: 36
       Hill Climbing NEW:    1    8    2    3    6    4    5    7    9   Штраф: 71      Погреш.: 30
                 Ant Alg:    2    1    6    7    8    5    9    3    4   Штраф: 76      Погреш.: 35
------------------------END------------------------
------------------------№ 49------------------------

                   Номер:    1    2    3    4    5    6    7    8    9
            Длительность:    3   10    2    8    9    3    2    1    1
       Директивные сроки:    5   10   15   20   25   30   35   40   45
                     Вес:    1    1    1    1    1    1    1    1    1
           Лучшие решения
          Полный перебор:    1    2    3    4    6    5    7    8    9   Штраф: 18
       Жадный алгоритм W:    1    8    3    2    6    4    5    7    9   Штраф: 27      Погреш.: 9
 Жадный алгоритм (D-T)*W:    9    1    8    3    2    6    4    5    7   Штраф: 31      Погреш.: 13
      Hill Climbing GREY:    8    1    2    3    4    5    7    6    9   Штраф: 25      Погреш.: 7
       Hill Climbing NEW:    1    8    3    2    6    4    5    7    9   Штраф: 27      Погреш.: 9
                 Ant Alg:    2    1    4    5    6    7    3    9    8   Штраф: 27      Погреш.: 9
------------------------END------------------------
------------------------№ 50------------------------

                   Номер:    1    2    3    4    5    6    7    8    9
            Длительность:    1    4    5    5    8    8    9   10    9
       Директивные сроки:    5   10   15   20   25   30   35   40   45
                     Вес:    1    1    1    1    1    1    1    1    1
           Лучшие решения
          Полный перебор:    1    2    3    4    5    6    7    9    8   Штраф: 29
       Жадный алгоритм W:    2    1    4    3    5    6    7    9    8   Штраф: 29      Погреш.: 0
 Жадный алгоритм (D-T)*W:    8    2    1    4    3    5    6    7    9   Штраф: 72      Погреш.: 43
      Hill Climbing GREY:    1    2    3    4    5    6    7    9    8   Штраф: 29      Погреш.: 0
       Hill Climbing NEW:    2    1    4    3    5    6    7    9    8   Штраф: 29      Погреш.: 0
                 Ant Alg:    3    1    7    4    5    2    8    9    6   Штраф: 88      Погреш.: 59
------------------------END------------------------
------------------------№ 51------------------------

                   Номер:    1    2    3    4    5    6    7    8    9
            Длительность:    9    3    3    8    8    9    6    8    1
       Директивные сроки:    5   10   15   20   25   30   35   40   45
                     Вес:    1    1    1    1    1    1    1    1    1
           Лучшие решения
          Полный перебор:    1    2    3    4    5    7    8    9    6   Штраф: 48
       Жадный алгоритм W:    7    8    1    2    3    4    5    6    9   Штраф: 119      Погреш.: 71
 Жадный алгоритм (D-T)*W:    9    7    8    1    2    3    4    5    6   Штраф: 115      Погреш.: 67
      Hill Climbing GREY:    9    1    2    3    4    5    6    7    8   Штраф: 58      Погреш.: 10
       Hill Climbing NEW:    9    8    1    2    3    4    5    6    7   Штраф: 99      Погреш.: 51
                 Ant Alg:    6    4    8    5    7    9    3    1    2   Штраф: 73      Погреш.: 25
------------------------END------------------------
------------------------№ 52------------------------

                   Номер:    1    2    3    4    5    6    7    8    9
            Длительность:    8    8    5    6    7    3    6    1    6
       Директивные сроки:    5   10   15   20   25   30   35   40   45
                     Вес:    1    1    1    1    1    1    1    1    1
           Лучшие решения
          Полный перебор:    1    3    4    5    6    7    8    2    9   Штраф: 43
       Жадный алгоритм W:    1    2    8    3    4    6    5    7    9   Штраф: 52      Погреш.: 9
 Жадный алгоритм (D-T)*W:    9    1    2    8    3    4    6    5    7   Штраф: 89      Погреш.: 46
      Hill Climbing GREY:    1    8    3    4    2    6    7    5    9   Штраф: 48      Погреш.: 5
       Hill Climbing NEW:    1    2    8    3    4    6    5    7    9   Штраф: 52      Погреш.: 9
                 Ant Alg:    4    3    2    7    6    9    5    1    8   Штраф: 65      Погреш.: 22
------------------------END------------------------
------------------------№ 53------------------------

                   Номер:    1    2    3    4    5    6    7    8    9
            Длительность:    5    8    6    6    4    9    5    1    7
       Директивные сроки:    5   10   15   20   25   30   35   40   45
                     Вес:    1    1    1    1    1    1    1    1    1
           Лучшие решения
          Полный перебор:    1    2    3    4    5    7    8    6    9   Штраф: 36
       Жадный алгоритм W:    1    8    2    3    5    4    7    6    9   Штраф: 39      Погреш.: 3
 Жадный алгоритм (D-T)*W:    9    1    8    2    3    5    4    7    6   Штраф: 81      Погреш.: 45
      Hill Climbing GREY:    1    2    3    8    5    4    7    6    9   Штраф: 37      Погреш.: 1
       Hill Climbing NEW:    1    8    2    3    5    4    7    6    9   Штраф: 39      Погреш.: 3
                 Ant Alg:    3    5    6    2    9    7    8    4    1   Штраф: 63      Погреш.: 27
------------------------END------------------------
------------------------№ 54------------------------

                   Номер:    1    2    3    4    5    6    7    8    9
            Длительность:    3   10    5    1    7    5   10    2    1
       Директивные сроки:    5   10   15   20   25   30   35   40   45
                     Вес:    1    1    1    1    1    1    1    1    1
           Лучшие решения
          Полный перебор:    1    2    3    4    5    6    8    7    9   Штраф: 16
       Жадный алгоритм W:    7    8    1    2    3    4    5    6    9   Штраф: 77      Погреш.: 61
 Жадный алгоритм (D-T)*W:    9    7    8    1    2    3    4    5    6   Штраф: 83      Погреш.: 67
      Hill Climbing GREY:    9    1    2    3    4    5    6    7    8   Штраф: 23      Погреш.: 7
       Hill Climbing NEW:    9    8    1    2    3    4    5    6    7   Штраф: 32      Погреш.: 16
                 Ant Alg:    4    1    7    6    5    3    8    9    2   Штраф: 27      Погреш.: 11
------------------------END------------------------
------------------------№ 55------------------------

                   Номер:    1    2    3    4    5    6    7    8    9
            Длительность:    1    3    5    8    9    9    2    1    7
       Директивные сроки:    5   10   15   20   25   30   35   40   45
                     Вес:    1    1    1    1    1    1    1    1    1
           Лучшие решения
          Полный перебор:    1    2    3    4    5    6    7    8    9   Штраф: 8
       Жадный алгоритм W:    7    8    1    2    3    4    5    6    9   Штраф: 12      Погреш.: 4
 Жадный алгоритм (D-T)*W:    9    7    8    1    2    3    4    5    6   Штраф: 47      Погреш.: 39
      Hill Climbing GREY:    8    1    2    3    4    5    7    6    9   Штраф: 10      Погреш.: 2
       Hill Climbing NEW:    7    8    1    2    3    4    5    6    9   Штраф: 12      Погреш.: 4
                 Ant Alg:    2    4    5    3    8    7    6    1    9   Штраф: 33      Погреш.: 25
------------------------END------------------------
------------------------№ 56------------------------

                   Номер:    1    2    3    4    5    6    7    8    9
            Длительность:   10    4    5    3    6    7    9    4    4
       Директивные сроки:    5   10   15   20   25   30   35   40   45
                     Вес:    1    1    1    1    1    1    1    1    1
           Лучшие решения
          Полный перебор:    1    2    3    4    5    6    8    9    7   Штраф: 40
       Жадный алгоритм W:    2    8    3    1    4    5    9    6    7   Штраф: 61      Погреш.: 21
 Жадный алгоритм (D-T)*W:    7    2    8    3    1    4    5    9    6   Штраф: 90      Погреш.: 50
      Hill Climbing GREY:    8    2    1    4    3    5    6    9    7   Штраф: 58      Погреш.: 18
       Hill Climbing NEW:    3    2    8    4    1    7    5    9    6   Штраф: 59      Погреш.: 19
                 Ant Alg:    4    7    1    5    8    2    9    3    6   Штраф: 70      Погреш.: 30
------------------------END------------------------
------------------------№ 57------------------------

                   Номер:    1    2    3    4    5    6    7    8    9
            Длительность:    1    2    7    1    8    5    4   10    8
       Директивные сроки:    5   10   15   20   25   30   35   40   45
                     Вес:    1    1    1    1    1    1    1    1    1
           Лучшие решения
          Полный перебор:    1    2    3    4    5    6    7    8    9   Штраф: 1
       Жадный алгоритм W:    1    8    2    4    3    6    5    7    9   Штраф: 22      Погреш.: 21
 Жадный алгоритм (D-T)*W:    9    1    8    2    4    3    6    5    7   Штраф: 63      Погреш.: 62
      Hill Climbing GREY:    9    1    2    3    4    5    6    7    8   Штраф: 19      Погреш.: 18
       Hill Climbing NEW:    1    8    2    4    3    6    5    7    9   Штраф: 22      Погреш.: 21
                 Ant Alg:    1    4    5    2    8    6    9    7    3   Штраф: 31      Погреш.: 30
------------------------END------------------------
------------------------№ 58------------------------

                   Номер:    1    2    3    4    5    6    7    8    9
            Длительность:    8    3    6    8    3    6    6    7    2
       Директивные сроки:    5   10   15   20   25   30   35   40   45
                     Вес:    1    1    1    1    1    1    1    1    1
           Лучшие решения
          Полный перебор:    1    2    3    4    5    6    7    9    8   Штраф: 32
       Жадный алгоритм W:    1    8    2    3    5    4    7    6    9   Штраф: 64      Погреш.: 32
 Жадный алгоритм (D-T)*W:    9    1    8    2    3    5    4    7    6   Штраф: 74      Погреш.: 42
      Hill Climbing GREY:    9    1    2    3    4    5    6    7    8   Штраф: 46      Погреш.: 14
       Hill Climbing NEW:    1    8    2    3    5    4    7    6    9   Штраф: 64      Погреш.: 32
                 Ant Alg:    2    5    6    7    8    9    3    4    1   Штраф: 60      Погреш.: 28
------------------------END------------------------
------------------------№ 59------------------------

                   Номер:    1    2    3    4    5    6    7    8    9
            Длительность:    7    6    1    6    9    5    6   10    4
       Директивные сроки:    5   10   15   20   25   30   35   40   45
                     Вес:    1    1    1    1    1    1    1    1    1
           Лучшие решения
          Полный перебор:    1    2    3    4    5    6    7    9    8   Штраф: 32
       Жадный алгоритм W:    1    8    3    2    4    6    5    7    9   Штраф: 77      Погреш.: 45
 Жадный алгоритм (D-T)*W:    9    1    8    3    2    4    6    5    7   Штраф: 96      Погреш.: 64
      Hill Climbing GREY:    9    1    2    3    4    5    6    7    8   Штраф: 59      Погреш.: 27
       Hill Climbing NEW:    1    8    3    2    4    6    5    7    9   Штраф: 77      Погреш.: 45
                 Ant Alg:    2    1    5    4    6    8    9    7    3   Штраф: 56      Погреш.: 24
------------------------END------------------------
------------------------№ 60------------------------

                   Номер:    1    2    3    4    5    6    7    8    9
            Длительность:    6    8    1    8   10    5    7   10    1
       Директивные сроки:    5   10   15   20   25   30   35   40   45
                     Вес:    1    1    1    1    1    1    1    1    1
           Лучшие решения
          Полный перебор:    1    2    3    4    6    7    5    9    8   Штраф: 45
       Жадный алгоритм W:    1    8    3    2    7    4    5    6    9   Штраф: 99      Погреш.: 54
 Жадный алгоритм (D-T)*W:    9    1    8    3    2    7    4    5    6   Штраф: 94      Погреш.: 49
      Hill Climbing GREY:    9    1    2    3    4    5    6    7    8   Штраф: 57      Погреш.: 12
       Hill Climbing NEW:    1    3    8    2    9    7    4    5    6   Штраф: 89      Погреш.: 44
                 Ant Alg:    2    5    1    4    6    7    9    8    3   Штраф: 63      Погреш.: 18
------------------------END------------------------
------------------------№ 61------------------------

                   Номер:    1    2    3    4    5    6    7    8    9
            Длительность:    4   10    7    1    9    3    2    6    9
       Директивные сроки:    5   10   15   20   25   30   35   40   45
                     Вес:    1    1    1    1    1    1    1    1    1
           Лучшие решения
          Полный перебор:    1    2    4    3    6    5    7    8    9   Штраф: 29
       Жадный алгоритм W:    4    1    2    7    3    6    8    5    9   Штраф: 37      Погреш.: 8
 Жадный алгоритм (D-T)*W:    9    4    1    2    7    3    6    8    5   Штраф: 75      Погреш.: 46
      Hill Climbing GREY:    1    2    4    3    6    8    7    5    9   Штраф: 34      Погреш.: 5
       Hill Climbing NEW:    4    1    2    7    3    6    8    5    9   Штраф: 37      Погреш.: 8
                 Ant Alg:    2    7    6    3    9    1    8    5    4   Штраф: 57      Погреш.: 28
------------------------END------------------------
------------------------№ 62------------------------

                   Номер:    1    2    3    4    5    6    7    8    9
            Длительность:    7    1    8    2    3   10    5    4    9
       Директивные сроки:    5   10   15   20   25   30   35   40   45
                     Вес:    1    1    1    1    1    1    1    1    1
           Лучшие решения
          Полный перебор:    1    2    3    4    5    6    7    8    9   Штраф: 9
       Жадный алгоритм W:    1    8    2    4    3    5    7    6    9   Штраф: 25      Погреш.: 16
 Жадный алгоритм (D-T)*W:    9    1    8    2    4    3    5    7    6   Штраф: 73      Погреш.: 64
      Hill Climbing GREY:    8    2    1    3    4    5    6    7    9   Штраф: 28      Погреш.: 19
       Hill Climbing NEW:    1    8    2    4    3    5    7    6    9   Штраф: 25      Погреш.: 16
                 Ant Alg:    2    4    7    8    6    5    3    9    1   Штраф: 31      Погреш.: 22
------------------------END------------------------
------------------------№ 63------------------------

                   Номер:    1    2    3    4    5    6    7    8    9
            Длительность:    4    1    6    7    9    7    9    4    7
       Директивные сроки:    5   10   15   20   25   30   35   40   45
                     Вес:    1    1    1    1    1    1    1    1    1
           Лучшие решения
          Полный перебор:    1    2    3    4    5    6    8    9    7   Штраф: 25
       Жадный алгоритм W:    2    1    8    3    4    6    5    9    7   Штраф: 34      Погреш.: 9
 Жадный алгоритм (D-T)*W:    7    2    1    8    3    4    6    5    9   Штраф: 68      Погреш.: 43
      Hill Climbing GREY:    1    8    2    3    4    6    5    9    7   Штраф: 34      Погреш.: 9
       Hill Climbing NEW:    2    1    8    3    4    6    5    9    7   Штраф: 34      Погреш.: 9
                 Ant Alg:    2    7    8    6    3    5    4    9    1   Штраф: 65      Погреш.: 40
------------------------END------------------------
------------------------№ 64------------------------

                   Номер:    1    2    3    4    5    6    7    8    9
            Длительность:    8    2    8    5    8    6    9    8    6
       Директивные сроки:    5   10   15   20   25   30   35   40   45
                     Вес:    1    1    1    1    1    1    1    1    1
           Лучшие решения
          Полный перебор:    1    2    3    4    6    5    8    9    7   Штраф: 57
       Жадный алгоритм W:    1    8    2    4    3    6    5    7    9   Штраф: 91      Погреш.: 34
 Жадный алгоритм (D-T)*W:    9    1    8    2    4    3    6    5    7   Штраф: 118      Погреш.: 61
      Hill Climbing GREY:    9    1    2    3    4    5    6    7    8   Штраф: 95      Погреш.: 38
       Hill Climbing NEW:    1    8    2    4    3    6    5    7    9   Штраф: 91      Погреш.: 34
                 Ant Alg:    8    4    2    7    5    9    6    1    3   Штраф: 83      Погреш.: 26
------------------------END------------------------
------------------------№ 65------------------------

                   Номер:    1    2    3    4    5    6    7    8    9
            Длительность:    9    7    1    1    1    2    5    1    9
       Директивные сроки:    5   10   15   20   25   30   35   40   45
                     Вес:    1    1    1    1    1    1    1    1    1
           Лучшие решения
          Полный перебор:    1    3    2    4    5    6    7    8    9   Штраф: 11
       Жадный алгоритм W:    1    5    8    3    2    4    6    7    9   Штраф: 13      Погреш.: 2
 Жадный алгоритм (D-T)*W:    9    1    5    8    3    2    4    6    7   Штраф: 48      Погреш.: 37
      Hill Climbing GREY:    1    8    3    2    4    5    6    7    9   Штраф: 12      Погреш.: 1
       Hill Climbing NEW:    1    5    8    3    2    4    6    7    9   Штраф: 13      Погреш.: 2
                 Ant Alg:    4    3    7    6    5    8    2    9    1   Штраф: 17      Погреш.: 6
------------------------END------------------------
------------------------№ 66------------------------

                   Номер:    1    2    3    4    5    6    7    8    9
            Длительность:    9    3    8    9    7    1    6    4    3
       Директивные сроки:    5   10   15   20   25   30   35   40   45
                     Вес:    1    1    1    1    1    1    1    1    1
           Лучшие решения
          Полный перебор:    1    2    3    5    6    7    8    9    4   Штраф: 43
       Жадный алгоритм W:    1    8    2    3    6    9    5    4    7   Штраф: 68      Погреш.: 25
 Жадный алгоритм (D-T)*W:    7    1    8    2    3    6    9    5    4   Штраф: 84      Погреш.: 41
      Hill Climbing GREY:    8    2    3    1    6    5    4    9    7   Штраф: 62      Погреш.: 19
       Hill Climbing NEW:    1    8    2    3    6    9    5    4    7   Штраф: 68      Погреш.: 25
                 Ant Alg:    8    4    6    2    1    5    3    9    7   Штраф: 66      Погреш.: 23
------------------------END------------------------
------------------------№ 67------------------------

                   Номер:    1    2    3    4    5    6    7    8    9
            Длительность:    9    9    4    3   10    8    4    7    7
       Директивные сроки:    5   10   15   20   25   30   35   40   45
                     Вес:    1    1    1    1    1    1    1    1    1
           Лучшие решения
          Полный перебор:    1    3    4    2    6    7    8    9    5   Штраф: 70
       Жадный алгоритм W:    1    3    8    4    2    7    6    5    9   Штраф: 89      Погреш.: 19
 Жадный алгоритм (D-T)*W:    9    1    3    8    4    2    7    6    5   Штраф: 120      Погреш.: 50
      Hill Climbing GREY:    1    8    4    3    2    7    6    9    5   Штраф: 91      Погреш.: 21
       Hill Climbing NEW:    1    3    8    4    2    7    6    5    9   Штраф: 89      Погреш.: 19
                 Ant Alg:    3    5    4    2    7    6    1    9    8   Штраф: 103      Погреш.: 33
------------------------END------------------------
------------------------№ 68------------------------

                   Номер:    1    2    3    4    5    6    7    8    9
            Длительность:    2    8    6    9    5    6    3    4    7
       Директивные сроки:    5   10   15   20   25   30   35   40   45
                     Вес:    1    1    1    1    1    1    1    1    1
           Лучшие решения
          Полный перебор:    1    2    3    4    5    7    6    8    9   Штраф: 28
       Жадный алгоритм W:    7    1    2    3    8    5    4    6    9   Штраф: 45      Погреш.: 17
 Жадный алгоритм (D-T)*W:    9    7    1    2    3    8    5    4    6   Штраф: 82      Погреш.: 54
      Hill Climbing GREY:    1    2    3    8    5    4    7    6    9   Штраф: 35      Погреш.: 7
       Hill Climbing NEW:    7    1    2    3    8    5    4    6    9   Штраф: 45      Погреш.: 17
                 Ant Alg:    3    5    4    8    9    7    2    6    1   Штраф: 35      Погреш.: 7
------------------------END------------------------
------------------------№ 69------------------------

                   Номер:    1    2    3    4    5    6    7    8    9
            Длительность:    4    2    1    5    1    7    5    5    4
       Директивные сроки:    5   10   15   20   25   30   35   40   45
                     Вес:    1    1    1    1    1    1    1    1    1
           Лучшие решения
          Полный перебор:    1    2    3    4    5    6    7    8    9   Штраф: 0
       Жадный алгоритм W:    5    1    2    8    3    4    7    6    9   Штраф: 0      Погреш.: 0
 Жадный алгоритм (D-T)*W:    9    5    1    2    8    3    4    7    6   Штраф: 13      Погреш.: 13
      Hill Climbing GREY:    1    2    8    3    4    5    6    7    9   Штраф: 0      Погреш.: 0
       Hill Climbing NEW:    5    1    2    8    3    4    7    6    9   Штраф: 0      Погреш.: 0
                 Ant Alg:    2    9    4    3    6    7    5    1    8   Штраф: 9      Погреш.: 9
------------------------END------------------------
------------------------№ 70------------------------

                   Номер:    1    2    3    4    5    6    7    8    9
            Длительность:    5    5    2    8    1    2    2    5    1
       Директивные сроки:    5   10   15   20   25   30   35   40   45
                     Вес:    1    1    1    1    1    1    1    1    1
           Лучшие решения
          Полный перебор:    1    2    3    4    5    6    7    8    9   Штраф: 0
       Жадный алгоритм W:    1    8    2    3    5    4    7    6    9   Штраф: 13      Погреш.: 13
 Жадный алгоритм (D-T)*W:    9    1    8    2    3    5    4    7    6   Штраф: 18      Погреш.: 18
      Hill Climbing GREY:    9    1    2    3    4    5    6    7    8   Штраф: 3      Погреш.: 3
       Hill Climbing NEW:    1    8    2    3    5    4    7    6    9   Штраф: 13      Погреш.: 13
                 Ant Alg:    2    5    1    6    7    8    4    3    9   Штраф: 15      Погреш.: 15
------------------------END------------------------
------------------------№ 71------------------------

                   Номер:    1    2    3    4    5    6    7    8    9
            Длительность:    1    4    5    4    2   10    3   10    5
       Директивные сроки:    5   10   15   20   25   30   35   40   45
                     Вес:    1    1    1    1    1    1    1    1    1
           Лучшие решения
          Полный перебор:    1    2    3    4    5    6    7    8    9   Штраф: 0
       Жадный алгоритм W:    1    8    2    3    5    4    7    6    9   Штраф: 25      Погреш.: 25
 Жадный алгоритм (D-T)*W:    9    1    8    2    3    5    4    7    6   Штраф: 48      Погреш.: 48
      Hill Climbing GREY:    9    1    2    3    4    5    6    7    8   Штраф: 6      Погреш.: 6
       Hill Climbing NEW:    1    8    2    3    5    4    7    6    9   Штраф: 25      Погреш.: 25
                 Ant Alg:    6    7    8    5    4    2    9    1    3   Штраф: 26      Погреш.: 26
------------------------END------------------------
------------------------№ 72------------------------

                   Номер:    1    2    3    4    5    6    7    8    9
            Длительность:    4    3    6    6    8    1    2   10    8
       Директивные сроки:    5   10   15   20   25   30   35   40   45
                     Вес:    1    1    1    1    1    1    1    1    1
           Лучшие решения
          Полный перебор:    1    2    3    4    5    6    7    8    9   Штраф: 5
       Жадный алгоритм W:    1    8    2    6    3    4    5    7    9   Штраф: 47      Погреш.: 42
 Жадный алгоритм (D-T)*W:    9    1    8    2    6    3    4    5    7   Штраф: 91      Погреш.: 86
      Hill Climbing GREY:    9    1    2    3    4    5    6    7    8   Штраф: 52      Погреш.: 47
       Hill Climbing NEW:    1    8    2    6    3    4    5    7    9   Штраф: 47      Погреш.: 42
                 Ant Alg:    4    7    2    6    5    8    1    9    3   Штраф: 26      Погреш.: 21
------------------------END------------------------
------------------------№ 73------------------------

                   Номер:    1    2    3    4    5    6    7    8    9
            Длительность:    2    6    4    5    8    2   10    5    7
       Директивные сроки:    5   10   15   20   25   30   35   40   45
                     Вес:    1    1    1    1    1    1    1    1    1
           Лучшие решения
          Полный перебор:    1    2    3    4    5    6    7    8    9   Штраф: 8
       Жадный алгоритм W:    6    1    2    3    4    5    8    7    9   Штраф: 13      Погреш.: 5
 Жадный алгоритм (D-T)*W:    9    6    1    2    3    4    5    8    7   Штраф: 48      Погреш.: 40
      Hill Climbing GREY:    1    2    3    4    5    6    7    8    9   Штраф: 8      Погреш.: 0
       Hill Climbing NEW:    6    1    2    3    4    5    8    7    9   Штраф: 13      Погреш.: 5
                 Ant Alg:    6    3    2    5    4    8    1    9    7   Штраф: 41      Погреш.: 33
------------------------END------------------------
------------------------№ 74------------------------

                   Номер:    1    2    3    4    5    6    7    8    9
            Длительность:    8    9    4    2    5    3    2    1    6
       Директивные сроки:    5   10   15   20   25   30   35   40   45
                     Вес:    1    1    1    1    1    1    1    1    1
           Лучшие решения
          Полный перебор:    1    3    4    2    5    6    7    8    9   Штраф: 20
       Жадный алгоритм W:    1    3    2    8    4    7    5    6    9   Штраф: 28      Погреш.: 8
 Жадный алгоритм (D-T)*W:    9    1    3    2    8    4    7    5    6   Штраф: 61      Погреш.: 41
      Hill Climbing GREY:    1    2    8    4    3    5    6    7    9   Штраф: 25      Погреш.: 5
       Hill Climbing NEW:    1    3    2    8    4    7    5    6    9   Штраф: 28      Погреш.: 8
                 Ant Alg:    5    3    4    2    7    6    8    9    1   Штраф: 37      Погреш.: 17
------------------------END------------------------
------------------------№ 75------------------------

                   Номер:    1    2    3    4    5    6    7    8    9
            Длительность:    5    8    7    4    5    5    6    6    5
       Директивные сроки:    5   10   15   20   25   30   35   40   45
                     Вес:    1    1    1    1    1    1    1    1    1
           Лучшие решения
          Полный перебор:    1    2    3    4    5    6    7    9    8   Штраф: 36
       Жадный алгоритм W:    1    2    4    3    5    6    7    8    9   Штраф: 37      Погреш.: 1
 Жадный алгоритм (D-T)*W:    9    1    2    4    3    5    6    7    8   Штраф: 68      Погреш.: 32
      Hill Climbing GREY:    1    2    4    3    5    6    8    9    7   Штраф: 36      Погреш.: 0
       Hill Climbing NEW:    1    2    4    3    5    6    7    8    9   Штраф: 37      Погреш.: 1
                 Ant Alg:    3    6    2    5    7    9    1    4    8   Штраф: 64      Погреш.: 28
------------------------END------------------------
------------------------№ 76------------------------

                   Номер:    1    2    3    4    5    6    7    8    9
            Длительность:    2    3    4    3   10    2   10   10    4
       Директивные сроки:    5   10   15   20   25   30   35   40   45
                     Вес:    1    1    1    1    1    1    1    1    1
           Лучшие решения
          Полный перебор:    1    2    3    4    5    6    7    8    9   Штраф: 7
       Жадный алгоритм W:    1    8    2    3    4    6    5    7    9   Штраф: 32      Погреш.: 25
 Жадный алгоритм (D-T)*W:    9    1    8    2    3    4    6    5    7   Штраф: 50      Погреш.: 43
      Hill Climbing GREY:    9    1    2    3    4    5    6    7    8   Штраф: 13      Погреш.: 6
       Hill Climbing NEW:    1    8    2    3    4    6    5    7    9   Штраф: 32      Погреш.: 25
                 Ant Alg:    5    6    4    1    2    8    7    9    3   Штраф: 23      Погреш.: 16
------------------------END------------------------
------------------------№ 77------------------------

                   Номер:    1    2    3    4    5    6    7    8    9
            Длительность:    3   10    6   10    1    5    7    9    3
       Директивные сроки:    5   10   15   20   25   30   35   40   45
                     Вес:    1    1    1    1    1    1    1    1    1
           Лучшие решения
          Полный перебор:    1    2    3    5    6    7    8    9    4   Штраф: 42
       Жадный алгоритм W:    1    8    2    5    3    4    6    7    9   Штраф: 84      Погреш.: 42
 Жадный алгоритм (D-T)*W:    9    1    8    2    5    3    4    6    7   Штраф: 92      Погреш.: 50
      Hill Climbing GREY:    9    1    2    3    4    5    6    7    8   Штраф: 66      Погреш.: 24
       Hill Climbing NEW:    1    8    2    5    3    4    6    7    9   Штраф: 84      Погреш.: 42
                 Ant Alg:    5    6    2    7    4    8    1    9    3   Штраф: 54      Погреш.: 12
------------------------END------------------------
------------------------№ 78------------------------

                   Номер:    1    2    3    4    5    6    7    8    9
            Длительность:    4    9    9    5    3    3    7    2    3
       Директивные сроки:    5   10   15   20   25   30   35   40   45
                     Вес:    1    1    1    1    1    1    1    1    1
           Лучшие решения
          Полный перебор:    1    2    4    5    3    6    7    8    9   Штраф: 28
       Жадный алгоритм W:    1    5    2    3    4    8    6    7    9   Штраф: 38      Погреш.: 10
 Жадный алгоритм (D-T)*W:    9    1    5    2    3    4    8    6    7   Штраф: 55      Погреш.: 27
      Hill Climbing GREY:    1    2    3    5    8    6    4    7    9   Штраф: 32      Погреш.: 4
       Hill Climbing NEW:    1    5    2    3    4    8    6    7    9   Штраф: 38      Погреш.: 10
                 Ant Alg:    8    4    3    2    6    5    9    7    1   Штраф: 45      Погреш.: 17
------------------------END------------------------
------------------------№ 79------------------------

                   Номер:    1    2    3    4    5    6    7    8    9
            Длительность:    7    7    1   10    3    7   10    6    6
       Директивные сроки:    5   10   15   20   25   30   35   40   45
                     Вес:    1    1    1    1    1    1    1    1    1
           Лучшие решения
          Полный перебор:    1    2    3    4    5    6    8    9    7   Штраф: 44
       Жадный алгоритм W:    1    3    8    2    5    6    4    9    7   Штраф: 59      Погреш.: 15
 Жадный алгоритм (D-T)*W:    7    1    3    8    2    5    6    4    9   Штраф: 99      Погреш.: 55
      Hill Climbing GREY:    1    8    3    2    5    6    4    9    7   Штраф: 59      Погреш.: 15
       Hill Climbing NEW:    1    3    8    2    5    6    4    9    7   Штраф: 59      Погреш.: 15
                 Ant Alg:    2    1    6    5    3    7    9    8    4   Штраф: 85      Погреш.: 41
------------------------END------------------------
------------------------№ 80------------------------

                   Номер:    1    2    3    4    5    6    7    8    9
            Длительность:    8    5    7    4    8    7    2    7    9
       Директивные сроки:    5   10   15   20   25   30   35   40   45
                     Вес:    1    1    1    1    1    1    1    1    1
           Лучшие решения
          Полный перебор:    1    2    3    4    6    7    8    5    9   Штраф: 51
       Жадный алгоритм W:    1    2    7    4    3    8    6    5    9   Штраф: 62      Погреш.: 11
 Жадный алгоритм (D-T)*W:    9    1    2    7    4    3    8    6    5   Штраф: 105      Погреш.: 54
      Hill Climbing GREY:    1    2    4    3    8    7    6    5    9   Штраф: 60      Погреш.: 9
       Hill Climbing NEW:    1    2    7    4    3    8    6    5    9   Штраф: 62      Погреш.: 11
                 Ant Alg:    5    4    3    6    7    8    2    9    1   Штраф: 76      Погреш.: 25
------------------------END------------------------
------------------------№ 81------------------------

                   Номер:    1    2    3    4    5    6    7    8    9
            Длительность:    4    7    8    4    7    4    5    8    2
       Директивные сроки:    5   10   15   20   25   30   35   40   45
                     Вес:    1    1    1    1    1    1    1    1    1
           Лучшие решения
          Полный перебор:    1    2    3    4    5    6    7    9    8   Штраф: 30
       Жадный алгоритм W:    1    8    2    4    3    6    5    7    9   Штраф: 66      Погреш.: 36
 Жадный алгоритм (D-T)*W:    9    1    8    2    4    3    6    5    7   Штраф: 75      Погреш.: 45
      Hill Climbing GREY:    9    1    2    3    4    5    6    7    8   Штраф: 43      Погреш.: 13
       Hill Climbing NEW:    1    8    2    4    3    6    5    7    9   Штраф: 66      Погреш.: 36
                 Ant Alg:    2    1    5    6    8    7    3    9    4   Штраф: 49      Погреш.: 19
------------------------END------------------------
------------------------№ 82------------------------

                   Номер:    1    2    3    4    5    6    7    8    9
            Длительность:    2    7    3    7    8    5    1    3    2
       Директивные сроки:    5   10   15   20   25   30   35   40   45
                     Вес:    1    1    1    1    1    1    1    1    1
           Лучшие решения
          Полный перебор:    1    2    3    4    5    6    7    8    9   Штраф: 4
       Жадный алгоритм W:    1    8    7    2    3    4    5    6    9   Штраф: 19      Погреш.: 15
 Жадный алгоритм (D-T)*W:    9    1    8    7    2    3    4    5    6   Штраф: 29      Погреш.: 25
      Hill Climbing GREY:    9    1    2    3    4    5    6    7    8   Штраф: 10      Погреш.: 6
       Hill Climbing NEW:    1    8    7    2    3    4    5    6    9   Штраф: 19      Погреш.: 15
                 Ant Alg:    1    5    2    6    7    8    3    4    9   Штраф: 19      Погреш.: 15
------------------------END------------------------
------------------------№ 83------------------------

                   Номер:    1    2    3    4    5    6    7    8    9
            Длительность:    3    6    8    1    5    4    1    8    3
       Директивные сроки:    5   10   15   20   25   30   35   40   45
                     Вес:    1    1    1    1    1    1    1    1    1
           Лучшие решения
          Полный перебор:    1    2    3    4    5    6    7    8    9   Штраф: 2
       Жадный алгоритм W:    1    8    2    4    3    7    5    6    9   Штраф: 31      Погреш.: 29
 Жадный алгоритм (D-T)*W:    9    1    8    2    4    3    7    5    6   Штраф: 45      Погреш.: 43
      Hill Climbing GREY:    9    1    2    3    4    5    6    7    8   Штраф: 10      Погреш.: 8
       Hill Climbing NEW:    1    8    2    4    3    7    5    6    9   Штраф: 31      Погреш.: 29
                 Ant Alg:    5    8    1    7    2    4    6    9    3   Штраф: 30      Погреш.: 28
------------------------END------------------------
------------------------№ 84------------------------

                   Номер:    1    2    3    4    5    6    7    8    9
            Длительность:    7    7   10    6    5    9    3    5    7
       Директивные сроки:    5   10   15   20   25   30   35   40   45
                     Вес:    1    1    1    1    1    1    1    1    1
           Лучшие решения
          Полный перебор:    1    2    4    5    6    7    8    9    3   Штраф: 62
       Жадный алгоритм W:    1    2    4    5    3    7    8    6    9   Штраф: 68      Погреш.: 6
 Жадный алгоритм (D-T)*W:    9    1    2    4    5    3    7    8    6   Штраф: 110      Погреш.: 48
      Hill Climbing GREY:    1    2    4    3    7    5    8    9    6   Штраф: 71      Погреш.: 9
       Hill Climbing NEW:    1    2    4    5    3    7    8    6    9   Штраф: 68      Погреш.: 6
                 Ant Alg:    7    3    4    5    9    1    6    8    2   Штраф: 98      Погреш.: 36
------------------------END------------------------
------------------------№ 85------------------------

                   Номер:    1    2    3    4    5    6    7    8    9
            Длительность:    9    4    1    7   10    9    9    4    2
       Директивные сроки:    5   10   15   20   25   30   35   40   45
                     Вес:    1    1    1    1    1    1    1    1    1
           Лучшие решения
          Полный перебор:    1    2    3    4    6    7    8    9    5   Штраф: 45
       Жадный алгоритм W:    7    8    1    2    3    4    5    6    9   Штраф: 111      Погреш.: 66
 Жадный алгоритм (D-T)*W:    9    7    8    1    2    3    4    5    6   Штраф: 113      Погреш.: 68
      Hill Climbing GREY:    9    1    2    3    4    5    6    7    8   Штраф: 66      Погреш.: 21
       Hill Climbing NEW:    9    8    1    2    3    4    5    6    7   Штраф: 79      Погреш.: 34
                 Ant Alg:    1    5    6    7    8    9    2    3    4   Штраф: 66      Погреш.: 21
------------------------END------------------------
------------------------№ 86------------------------

                   Номер:    1    2    3    4    5    6    7    8    9
            Длительность:    4    6    5    6   10    5    7    6    8
       Директивные сроки:    5   10   15   20   25   30   35   40   45
                     Вес:    1    1    1    1    1    1    1    1    1
           Лучшие решения
          Полный перебор:    1    2    3    4    6    7    8    9    5   Штраф: 35
       Жадный алгоритм W:    1    2    8    3    4    6    7    5    9   Штраф: 55      Погреш.: 20
 Жадный алгоритм (D-T)*W:    9    1    2    8    3    4    6    7    5   Штраф: 98      Погреш.: 63
      Hill Climbing GREY:    1    8    3    2    4    6    7    9    5   Штраф: 58      Погреш.: 23
       Hill Climbing NEW:    1    2    8    3    4    6    7    5    9   Штраф: 55      Погреш.: 20
                 Ant Alg:    2    3    5    8    7    4    6    9    1   Штраф: 55      Погреш.: 20
------------------------END------------------------
------------------------№ 87------------------------

                   Номер:    1    2    3    4    5    6    7    8    9
            Длительность:    3    1    5   10    9    1    9    9    9
       Директивные сроки:    5   10   15   20   25   30   35   40   45
                     Вес:    1    1    1    1    1    1    1    1    1
           Лучшие решения
          Полный перебор:    1    2    3    4    5    6    7    8    9   Штраф: 24
       Жадный алгоритм W:    1    8    2    6    3    4    5    7    9   Штраф: 52      Погреш.: 28
 Жадный алгоритм (D-T)*W:    9    1    8    2    6    3    4    5    7   Штраф: 93      Погреш.: 69
      Hill Climbing GREY:    8    2    1    3    4    6    5    9    7   Штраф: 55      Погреш.: 31
       Hill Climbing NEW:    1    8    2    6    3    4    5    7    9   Штраф: 52      Погреш.: 28
                 Ant Alg:    4    7    2    5    6    9    8    3    1   Штраф: 45      Погреш.: 21
------------------------END------------------------
------------------------№ 88------------------------

                   Номер:    1    2    3    4    5    6    7    8    9
            Длительность:    7    1    5    8    9    5    4    8    1
       Директивные сроки:    5   10   15   20   25   30   35   40   45
                     Вес:    1    1    1    1    1    1    1    1    1
           Лучшие решения
          Полный перебор:    1    2    3    4    5    6    7    9    8   Штраф: 25
       Жадный алгоритм W:    1    8    2    7    3    4    5    6    9   Штраф: 68      Погреш.: 43
 Жадный алгоритм (D-T)*W:    9    1    8    2    7    3    4    5    6   Штраф: 71      Погреш.: 46
      Hill Climbing GREY:    9    1    2    3    4    5    6    7    8   Штраф: 30      Погреш.: 5
       Hill Climbing NEW:    1    2    8    9    7    3    4    5    6   Штраф: 63      Погреш.: 38
                 Ant Alg:    1    5    4    6    2    7    8    9    3   Штраф: 46      Погреш.: 21
------------------------END------------------------
------------------------№ 89------------------------

                   Номер:    1    2    3    4    5    6    7    8    9
            Длительность:    1    9    7    4    9    8   10    2    4
       Директивные сроки:    5   10   15   20   25   30   35   40   45
                     Вес:    1    1    1    1    1    1    1    1    1
           Лучшие решения
          Полный перебор:    1    2    3    4    5    6    8    9    7   Штраф: 35
       Жадный алгоритм W:    1    8    2    4    3    9    6    5    7   Штраф: 53      Погреш.: 18
 Жадный алгоритм (D-T)*W:    7    1    8    2    4    3    9    6    5   Штраф: 86      Погреш.: 51
      Hill Climbing GREY:    8    1    2    3    4    6    5    9    7   Штраф: 44      Погреш.: 9
       Hill Climbing NEW:    1    8    2    4    3    9    6    5    7   Штраф: 53      Погреш.: 18
                 Ant Alg:    5    6    2    4    1    3    7    8    9   Штраф: 62      Погреш.: 27
------------------------END------------------------
------------------------№ 90------------------------

                   Номер:    1    2    3    4    5    6    7    8    9
            Длительность:    9    1   10    6    8    1    8    8    1
       Директивные сроки:    5   10   15   20   25   30   35   40   45
                     Вес:    1    1    1    1    1    1    1    1    1
           Лучшие решения
          Полный перебор:    1    2    4    5    6    7    8    9    3   Штраф: 42
       Жадный алгоритм W:    9    8    2    6    3    4    5    7    1   Штраф: 78      Погреш.: 36
 Жадный алгоритм (D-T)*W:    1    9    8    2    6    3    4    5    7   Штраф: 80      Погреш.: 38
      Hill Climbing GREY:    9    1    2    3    4    5    6    7    8   Штраф: 56      Погреш.: 14
       Hill Climbing NEW:    9    8    2    6    3    4    5    7    1   Штраф: 78      Погреш.: 36
                 Ant Alg:    1    5    6    4    7    9    8    2    3   Штраф: 57      Погреш.: 15
------------------------END------------------------
------------------------№ 91------------------------

                   Номер:    1    2    3    4    5    6    7    8    9
            Длительность:    9   10    8    7    8    3    1    2    6
       Директивные сроки:    5   10   15   20   25   30   35   40   45
                     Вес:    1    1    1    1    1    1    1    1    1
           Лучшие решения
          Полный перебор:    1    3    4    6    5    7    8    9    2   Штраф: 65
       Жадный алгоритм W:    1    7    3    2    6    8    4    5    9   Штраф: 78      Погреш.: 13
 Жадный алгоритм (D-T)*W:    9    1    7    3    2    6    8    4    5   Штраф: 105      Погреш.: 40
      Hill Climbing GREY:    1    3    2    6    8    7    4    9    5   Штраф: 73      Погреш.: 8
       Hill Climbing NEW:    1    7    3    2    6    8    4    5    9   Штраф: 78      Погреш.: 13
                 Ant Alg:    3    5    4    2    6    8    7    1    9   Штраф: 77      Погреш.: 12
------------------------END------------------------
------------------------№ 92------------------------

                   Номер:    1    2    3    4    5    6    7    8    9
            Длительность:    2    9    5    3   10    2    7    2    7
       Директивные сроки:    5   10   15   20   25   30   35   40   45
                     Вес:    1    1    1    1    1    1    1    1    1
           Лучшие решения
          Полный перебор:    1    2    3    4    5    6    7    8    9   Штраф: 12
       Жадный алгоритм W:    1    8    6    2    3    4    7    5    9   Штраф: 30      Погреш.: 18
 Жадный алгоритм (D-T)*W:    9    1    8    6    2    3    4    7    5   Штраф: 62      Погреш.: 50
      Hill Climbing GREY:    8    1    2    3    4    6    5    7    9   Штраф: 22      Погреш.: 10
       Hill Climbing NEW:    1    8    6    2    3    4    7    5    9   Штраф: 30      Погреш.: 18
                 Ant Alg:    4    6    2    5    7    9    1    8    3   Штраф: 36      Погреш.: 24
------------------------END------------------------
------------------------№ 93------------------------

                   Номер:    1    2    3    4    5    6    7    8    9
            Длительность:    5    5    7    8    8    8    3   10    4
       Директивные сроки:    5   10   15   20   25   30   35   40   45
                     Вес:    1    1    1    1    1    1    1    1    1
           Лучшие решения
          Полный перебор:    1    2    3    4    5    7    6    9    8   Штраф: 51
       Жадный алгоритм W:    1    8    2    3    7    4    9    6    5   Штраф: 93      Погреш.: 42
 Жадный алгоритм (D-T)*W:    5    1    8    2    3    7    4    9    6   Штраф: 108      Погреш.: 57
      Hill Climbing GREY:    9    1    2    3    4    5    6    7    8   Штраф: 81      Погреш.: 30
       Hill Climbing NEW:    1    2    8    5    3    7    4    9    6   Штраф: 85      Погреш.: 34
                 Ant Alg:    2    1    5    4    8    6    7    9    3   Штраф: 63      Погреш.: 12
------------------------END------------------------
------------------------№ 94------------------------

                   Номер:    1    2    3    4    5    6    7    8    9
            Длительность:    8    9    5    8    5   10    8    8    3
       Директивные сроки:    5   10   15   20   25   30   35   40   45
                     Вес:    1    1    1    1    1    1    1    1    1
           Лучшие решения
          Полный перебор:    1    3    4    5    7    8    9    2    6   Штраф: 85
       Жадный алгоритм W:    1    8    2    3    5    9    7    6    4   Штраф: 124      Погреш.: 39
 Жадный алгоритм (D-T)*W:    4    1    8    2    3    5    9    7    6   Штраф: 129      Погреш.: 44
      Hill Climbing GREY:    9    1    2    3    4    5    6    7    8   Штраф: 115      Погреш.: 30
       Hill Climbing NEW:    1    2    8    3    4    5    9    7    6   Штраф: 115      Погреш.: 30
                 Ant Alg:    2    5    6    4    3    8    7    1    9   Штраф: 104      Погреш.: 19
------------------------END------------------------
------------------------№ 95------------------------

                   Номер:    1    2    3    4    5    6    7    8    9
            Длительность:    8    1    1    4    2    1    3    3    1
       Директивные сроки:    5   10   15   20   25   30   35   40   45
                     Вес:    1    1    1    1    1    1    1    1    1
           Лучшие решения
          Полный перебор:    1    2    3    4    5    6    7    8    9   Штраф: 3
       Жадный алгоритм W:    1    8    2    7    3    4    5    6    9   Штраф: 6      Погреш.: 3
 Жадный алгоритм (D-T)*W:    9    1    8    2    7    3    4    5    6   Штраф: 10      Погреш.: 7
      Hill Climbing GREY:    9    1    2    3    4    5    6    7    8   Штраф: 4      Погреш.: 1
       Hill Climbing NEW:    1    8    2    7    3    4    5    6    9   Штраф: 6      Погреш.: 3
                 Ant Alg:    2    1    6    4    3    9    8    7    5   Штраф: 5      Погреш.: 2
------------------------END------------------------
------------------------№ 96------------------------

                   Номер:    1    2    3    4    5    6    7    8    9
            Длительность:   10    3    6    3    4    3    3    1    3
       Директивные сроки:    5   10   15   20   25   30   35   40   45
                     Вес:    1    1    1    1    1    1    1    1    1
           Лучшие решения
          Полный перебор:    1    2    3    4    5    6    7    8    9   Штраф: 15
       Жадный алгоритм W:    1    8    2    3    4    5    6    7    9   Штраф: 19      Погреш.: 4
 Жадный алгоритм (D-T)*W:    9    1    8    2    3    4    5    6    7   Штраф: 38      Погреш.: 23
      Hill Climbing GREY:    8    2    1    3    4    5    6    7    9   Штраф: 19      Погреш.: 4
       Hill Climbing NEW:    1    8    2    3    4    5    6    7    9   Штраф: 19      Погреш.: 4
                 Ant Alg:    2    1    4    5    6    7    8    9    3   Штраф: 29      Погреш.: 14
------------------------END------------------------
------------------------№ 97------------------------

                   Номер:    1    2    3    4    5    6    7    8    9
            Длительность:    4    1   10    5    1   10   10   10    5
       Директивные сроки:    5   10   15   20   25   30   35   40   45
                     Вес:    1    1    1    1    1    1    1    1    1
           Лучшие решения
          Полный перебор:    1    2    3    4    5    6    7    9    8   Штраф: 24
       Жадный алгоритм W:    1    8    2    5    3    4    7    6    9   Штраф: 65      Погреш.: 41
 Жадный алгоритм (D-T)*W:    9    1    8    2    5    3    4    7    6   Штраф: 83      Погреш.: 59
      Hill Climbing GREY:    9    1    2    3    4    5    6    7    8   Штраф: 48      Погреш.: 24
       Hill Climbing NEW:    1    8    2    5    3    4    7    6    9   Штраф: 65      Погреш.: 41
                 Ant Alg:    4    7    1    2    6    5    8    3    9   Штраф: 54      Погреш.: 30
------------------------END------------------------
------------------------№ 98------------------------

                   Номер:    1    2    3    4    5    6    7    8    9
            Длительность:    3    2   10    1   10    2    1    7    7
       Директивные сроки:    5   10   15   20   25   30   35   40   45
                     Вес:    1    1    1    1    1    1    1    1    1
           Лучшие решения
          Полный перебор:    1    2    3    4    5    6    7    8    9   Штраф: 1
       Жадный алгоритм W:    6    1    2    8    4    3    5    7    9   Штраф: 21      Погреш.: 20
 Жадный алгоритм (D-T)*W:    9    6    1    2    8    4    3    5    7   Штраф: 55      Погреш.: 54
      Hill Climbing GREY:    1    2    8    4    3    5    7    6    9   Штраф: 22      Погреш.: 21
       Hill Climbing NEW:    6    1    2    8    4    3    5    7    9   Штраф: 21      Погреш.: 20
                 Ant Alg:    5    4    3    2    9    8    6    7    1   Штраф: 34      Погреш.: 33
------------------------END------------------------
------------------------№ 99------------------------

                   Номер:    1    2    3    4    5    6    7    8    9
            Длительность:    4    6    6    5    5    3    6    9    5
       Директивные сроки:    5   10   15   20   25   30   35   40   45
                     Вес:    1    1    1    1    1    1    1    1    1
           Лучшие решения
          Полный перебор:    1    2    3    4    5    6    7    8    9   Штраф: 11
       Жадный алгоритм W:    1    8    2    3    4    6    5    7    9   Штраф: 58      Погреш.: 47
 Жадный алгоритм (D-T)*W:    9    1    8    2    3    4    6    5    7   Штраф: 88      Погреш.: 77
      Hill Climbing GREY:    9    1    2    3    4    5    6    7    8   Штраф: 45      Погреш.: 34
       Hill Climbing NEW:    1    8    2    3    4    6    5    7    9   Штраф: 58      Погреш.: 47
                 Ant Alg:    2    5    6    7    1    8    4    3    9   Штраф: 44      Погреш.: 33
------------------------END------------------------
------------------------№ 100------------------------

                   Номер:    1    2    3    4    5    6    7    8    9
            Длительность:    5    5    9    1    9    4    5    3    5
       Директивные сроки:    5   10   15   20   25   30   35   40   45
                     Вес:    1    1    1    1    1    1    1    1    1
           Лучшие решения
          Полный перебор:    1    2    3    4    5    6    7    8    9   Штраф: 16
       Жадный алгоритм W:    1    4    2    8    6    3    7    5    9   Штраф: 30      Погреш.: 14
 Жадный алгоритм (D-T)*W:    9    1    4    2    8    6    3    7    5   Штраф: 51      Погреш.: 35
      Hill Climbing GREY:    1    2    8    4    3    6    7    5    9   Штраф: 25      Погреш.: 9
       Hill Climbing NEW:    1    4    2    8    6    3    7    5    9   Штраф: 30      Погреш.: 14
                 Ant Alg:    2    7    6    9    3    8    4    5    1   Штраф: 40      Погреш.: 24
------------------------END------------------------
